(* Content-type: application/vnd.wolfram.mathematica *)

(*** Wolfram Notebook File ***)
(* http://www.wolfram.com/nb *)

(* CreatedBy='Mathematica 9.0' *)

(*CacheID: 234*)
(* Internal cache information:
NotebookFileLineBreakTest
NotebookFileLineBreakTest
NotebookDataPosition[       157,          7]
NotebookDataLength[   1222971,      22490]
NotebookOptionsPosition[   1213515,      22187]
NotebookOutlinePosition[   1213872,      22203]
CellTagsIndexPosition[   1213829,      22200]
WindowFrame->Normal*)

(* Beginning of Notebook Content *)
Notebook[{

Cell[CellGroupData[{
Cell["Sparse Arrays", "Section",
 CellChangeTimes->{{3.571000031906516*^9, 3.571000034818281*^9}}],

Cell[CellGroupData[{

Cell[BoxData[
 RowBox[{"M", " ", "=", " ", 
  RowBox[{"SparseArray", "[", 
   RowBox[{
    RowBox[{
     RowBox[{
      RowBox[{"{", 
       RowBox[{"i_", ",", "j_"}], "}"}], "/;", 
      RowBox[{
       RowBox[{"Abs", "[", 
        RowBox[{"i", "-", "j"}], "]"}], "<", "13"}]}], "\[Rule]", 
     RowBox[{"R", "[", 
      RowBox[{"i", "-", "j"}], "]"}]}], ",", 
    RowBox[{"{", 
     RowBox[{"20", ",", "20"}], "}"}], ",", "0"}], "]"}]}]], "Input",
 CellChangeTimes->{{3.571000152969273*^9, 3.571000210263894*^9}, {
  3.57100026112884*^9, 3.571000261256504*^9}, {3.571000759772244*^9, 
  3.5710007620919743`*^9}, {3.571000811085676*^9, 3.571000884638322*^9}, {
  3.571001351841949*^9, 3.57100135587451*^9}, {3.5710046553226*^9, 
  3.571004655530308*^9}}],

Cell[BoxData[
 TagBox[
  RowBox[{"SparseArray", "[", 
   RowBox[{
    InterpretationBox[
     RowBox[{"\<\"<\"\>", "\[InvisibleSpace]", "344", 
      "\[InvisibleSpace]", "\<\">\"\>"}],
     SequenceForm["<", 344, ">"],
     Editable->False], ",", 
    RowBox[{"{", 
     RowBox[{"20", ",", "20"}], "}"}]}], "]"}],
  False,
  Editable->False]], "Output",
 CellChangeTimes->{{3.57100019595923*^9, 3.571000210627708*^9}, 
   3.571000261940382*^9, 3.57100079429607*^9, 3.571000885080782*^9, {
   3.571001356634946*^9, 3.57100139817085*^9}, {3.571004632369762*^9, 
   3.571004672276169*^9}}]
}, Open  ]],

Cell[CellGroupData[{

Cell[BoxData[
 RowBox[{
  RowBox[{"M", "//", "MatrixForm"}], "//", "N"}]], "Input",
 CellChangeTimes->{{3.571000213942864*^9, 3.5710002163574247`*^9}, {
  3.57100140531057*^9, 3.57100140580587*^9}}],

Cell[BoxData[
 TagBox[
  RowBox[{"(", "\[NoBreak]", GridBox[{
     {"1.`", "0.8824969025845955`", "0.6065306597126334`", 
      "0.32465246735834974`", "0.1353352832366127`", "0.04393693362340743`", 
      "0.01110899653824231`", "0.002187491118182886`", 
      "0.00033546262790251196`", "0.00004006529739295109`", 
      "3.7266531720786735`*^-6", "2.6995785033630167`*^-7", 
      "1.5229979744712642`*^-8", "0.`", "0.`", "0.`", "0.`", "0.`", "0.`", 
      "0.`"},
     {"0.8824969025845955`", "1.`", "0.8824969025845955`", 
      "0.6065306597126334`", "0.32465246735834974`", "0.1353352832366127`", 
      "0.04393693362340743`", "0.01110899653824231`", "0.002187491118182886`",
       "0.00033546262790251196`", "0.00004006529739295109`", 
      "3.7266531720786735`*^-6", "2.6995785033630167`*^-7", 
      "1.5229979744712642`*^-8", "0.`", "0.`", "0.`", "0.`", "0.`", "0.`"},
     {"0.6065306597126334`", "0.8824969025845955`", "1.`", 
      "0.8824969025845955`", "0.6065306597126334`", "0.32465246735834974`", 
      "0.1353352832366127`", "0.04393693362340743`", "0.01110899653824231`", 
      "0.002187491118182886`", "0.00033546262790251196`", 
      "0.00004006529739295109`", "3.7266531720786735`*^-6", 
      "2.6995785033630167`*^-7", "1.5229979744712642`*^-8", "0.`", "0.`", 
      "0.`", "0.`", "0.`"},
     {"0.32465246735834974`", "0.6065306597126334`", "0.8824969025845955`", 
      "1.`", "0.8824969025845955`", "0.6065306597126334`", 
      "0.32465246735834974`", "0.1353352832366127`", "0.04393693362340743`", 
      "0.01110899653824231`", "0.002187491118182886`", 
      "0.00033546262790251196`", "0.00004006529739295109`", 
      "3.7266531720786735`*^-6", "2.6995785033630167`*^-7", 
      "1.5229979744712642`*^-8", "0.`", "0.`", "0.`", "0.`"},
     {"0.1353352832366127`", "0.32465246735834974`", "0.6065306597126334`", 
      "0.8824969025845955`", "1.`", "0.8824969025845955`", 
      "0.6065306597126334`", "0.32465246735834974`", "0.1353352832366127`", 
      "0.04393693362340743`", "0.01110899653824231`", "0.002187491118182886`",
       "0.00033546262790251196`", "0.00004006529739295109`", 
      "3.7266531720786735`*^-6", "2.6995785033630167`*^-7", 
      "1.5229979744712642`*^-8", "0.`", "0.`", "0.`"},
     {"0.04393693362340743`", "0.1353352832366127`", "0.32465246735834974`", 
      "0.6065306597126334`", "0.8824969025845955`", "1.`", 
      "0.8824969025845955`", "0.6065306597126334`", "0.32465246735834974`", 
      "0.1353352832366127`", "0.04393693362340743`", "0.01110899653824231`", 
      "0.002187491118182886`", "0.00033546262790251196`", 
      "0.00004006529739295109`", "3.7266531720786735`*^-6", 
      "2.6995785033630167`*^-7", "1.5229979744712642`*^-8", "0.`", "0.`"},
     {"0.01110899653824231`", "0.04393693362340743`", "0.1353352832366127`", 
      "0.32465246735834974`", "0.6065306597126334`", "0.8824969025845955`", 
      "1.`", "0.8824969025845955`", "0.6065306597126334`", 
      "0.32465246735834974`", "0.1353352832366127`", "0.04393693362340743`", 
      "0.01110899653824231`", "0.002187491118182886`", 
      "0.00033546262790251196`", "0.00004006529739295109`", 
      "3.7266531720786735`*^-6", "2.6995785033630167`*^-7", 
      "1.5229979744712642`*^-8", "0.`"},
     {"0.002187491118182886`", "0.01110899653824231`", "0.04393693362340743`",
       "0.1353352832366127`", "0.32465246735834974`", "0.6065306597126334`", 
      "0.8824969025845955`", "1.`", "0.8824969025845955`", 
      "0.6065306597126334`", "0.32465246735834974`", "0.1353352832366127`", 
      "0.04393693362340743`", "0.01110899653824231`", "0.002187491118182886`",
       "0.00033546262790251196`", "0.00004006529739295109`", 
      "3.7266531720786735`*^-6", "2.6995785033630167`*^-7", 
      "1.5229979744712642`*^-8"},
     {"0.00033546262790251196`", "0.002187491118182886`", 
      "0.01110899653824231`", "0.04393693362340743`", "0.1353352832366127`", 
      "0.32465246735834974`", "0.6065306597126334`", "0.8824969025845955`", 
      "1.`", "0.8824969025845955`", "0.6065306597126334`", 
      "0.32465246735834974`", "0.1353352832366127`", "0.04393693362340743`", 
      "0.01110899653824231`", "0.002187491118182886`", 
      "0.00033546262790251196`", "0.00004006529739295109`", 
      "3.7266531720786735`*^-6", "2.6995785033630167`*^-7"},
     {"0.00004006529739295109`", "0.00033546262790251196`", 
      "0.002187491118182886`", "0.01110899653824231`", "0.04393693362340743`",
       "0.1353352832366127`", "0.32465246735834974`", "0.6065306597126334`", 
      "0.8824969025845955`", "1.`", "0.8824969025845955`", 
      "0.6065306597126334`", "0.32465246735834974`", "0.1353352832366127`", 
      "0.04393693362340743`", "0.01110899653824231`", "0.002187491118182886`",
       "0.00033546262790251196`", "0.00004006529739295109`", 
      "3.7266531720786735`*^-6"},
     {"3.7266531720786735`*^-6", "0.00004006529739295109`", 
      "0.00033546262790251196`", "0.002187491118182886`", 
      "0.01110899653824231`", "0.04393693362340743`", "0.1353352832366127`", 
      "0.32465246735834974`", "0.6065306597126334`", "0.8824969025845955`", 
      "1.`", "0.8824969025845955`", "0.6065306597126334`", 
      "0.32465246735834974`", "0.1353352832366127`", "0.04393693362340743`", 
      "0.01110899653824231`", "0.002187491118182886`", 
      "0.00033546262790251196`", "0.00004006529739295109`"},
     {"2.6995785033630167`*^-7", "3.7266531720786735`*^-6", 
      "0.00004006529739295109`", "0.00033546262790251196`", 
      "0.002187491118182886`", "0.01110899653824231`", "0.04393693362340743`",
       "0.1353352832366127`", "0.32465246735834974`", "0.6065306597126334`", 
      "0.8824969025845955`", "1.`", "0.8824969025845955`", 
      "0.6065306597126334`", "0.32465246735834974`", "0.1353352832366127`", 
      "0.04393693362340743`", "0.01110899653824231`", "0.002187491118182886`",
       "0.00033546262790251196`"},
     {"1.5229979744712642`*^-8", "2.6995785033630167`*^-7", 
      "3.7266531720786735`*^-6", "0.00004006529739295109`", 
      "0.00033546262790251196`", "0.002187491118182886`", 
      "0.01110899653824231`", "0.04393693362340743`", "0.1353352832366127`", 
      "0.32465246735834974`", "0.6065306597126334`", "0.8824969025845955`", 
      "1.`", "0.8824969025845955`", "0.6065306597126334`", 
      "0.32465246735834974`", "0.1353352832366127`", "0.04393693362340743`", 
      "0.01110899653824231`", "0.002187491118182886`"},
     {"0.`", "1.5229979744712642`*^-8", "2.6995785033630167`*^-7", 
      "3.7266531720786735`*^-6", "0.00004006529739295109`", 
      "0.00033546262790251196`", "0.002187491118182886`", 
      "0.01110899653824231`", "0.04393693362340743`", "0.1353352832366127`", 
      "0.32465246735834974`", "0.6065306597126334`", "0.8824969025845955`", 
      "1.`", "0.8824969025845955`", "0.6065306597126334`", 
      "0.32465246735834974`", "0.1353352832366127`", "0.04393693362340743`", 
      "0.01110899653824231`"},
     {"0.`", "0.`", "1.5229979744712642`*^-8", "2.6995785033630167`*^-7", 
      "3.7266531720786735`*^-6", "0.00004006529739295109`", 
      "0.00033546262790251196`", "0.002187491118182886`", 
      "0.01110899653824231`", "0.04393693362340743`", "0.1353352832366127`", 
      "0.32465246735834974`", "0.6065306597126334`", "0.8824969025845955`", 
      "1.`", "0.8824969025845955`", "0.6065306597126334`", 
      "0.32465246735834974`", "0.1353352832366127`", "0.04393693362340743`"},
     {"0.`", "0.`", "0.`", "1.5229979744712642`*^-8", 
      "2.6995785033630167`*^-7", "3.7266531720786735`*^-6", 
      "0.00004006529739295109`", "0.00033546262790251196`", 
      "0.002187491118182886`", "0.01110899653824231`", "0.04393693362340743`",
       "0.1353352832366127`", "0.32465246735834974`", "0.6065306597126334`", 
      "0.8824969025845955`", "1.`", "0.8824969025845955`", 
      "0.6065306597126334`", "0.32465246735834974`", "0.1353352832366127`"},
     {"0.`", "0.`", "0.`", "0.`", "1.5229979744712642`*^-8", 
      "2.6995785033630167`*^-7", "3.7266531720786735`*^-6", 
      "0.00004006529739295109`", "0.00033546262790251196`", 
      "0.002187491118182886`", "0.01110899653824231`", "0.04393693362340743`",
       "0.1353352832366127`", "0.32465246735834974`", "0.6065306597126334`", 
      "0.8824969025845955`", "1.`", "0.8824969025845955`", 
      "0.6065306597126334`", "0.32465246735834974`"},
     {"0.`", "0.`", "0.`", "0.`", "0.`", "1.5229979744712642`*^-8", 
      "2.6995785033630167`*^-7", "3.7266531720786735`*^-6", 
      "0.00004006529739295109`", "0.00033546262790251196`", 
      "0.002187491118182886`", "0.01110899653824231`", "0.04393693362340743`",
       "0.1353352832366127`", "0.32465246735834974`", "0.6065306597126334`", 
      "0.8824969025845955`", "1.`", "0.8824969025845955`", 
      "0.6065306597126334`"},
     {"0.`", "0.`", "0.`", "0.`", "0.`", "0.`", "1.5229979744712642`*^-8", 
      "2.6995785033630167`*^-7", "3.7266531720786735`*^-6", 
      "0.00004006529739295109`", "0.00033546262790251196`", 
      "0.002187491118182886`", "0.01110899653824231`", "0.04393693362340743`",
       "0.1353352832366127`", "0.32465246735834974`", "0.6065306597126334`", 
      "0.8824969025845955`", "1.`", "0.8824969025845955`"},
     {"0.`", "0.`", "0.`", "0.`", "0.`", "0.`", "0.`", 
      "1.5229979744712642`*^-8", "2.6995785033630167`*^-7", 
      "3.7266531720786735`*^-6", "0.00004006529739295109`", 
      "0.00033546262790251196`", "0.002187491118182886`", 
      "0.01110899653824231`", "0.04393693362340743`", "0.1353352832366127`", 
      "0.32465246735834974`", "0.6065306597126334`", "0.8824969025845955`", 
      "1.`"}
    },
    GridBoxAlignment->{
     "Columns" -> {{Center}}, "ColumnsIndexed" -> {}, "Rows" -> {{Baseline}}, 
      "RowsIndexed" -> {}},
    GridBoxSpacings->{"Columns" -> {
        Offset[0.27999999999999997`], {
         Offset[0.7]}, 
        Offset[0.27999999999999997`]}, "ColumnsIndexed" -> {}, "Rows" -> {
        Offset[0.2], {
         Offset[0.4]}, 
        Offset[0.2]}, "RowsIndexed" -> {}}], "\[NoBreak]", ")"}],
  Function[BoxForm`e$, 
   MatrixForm[
   SparseArray[
    Automatic, {20, 20}, 0., {
     1, {{0, 13, 27, 42, 58, 75, 93, 112, 132, 152, 172, 192, 212, 232, 251, 
       269, 286, 302, 317, 331, 344}, CompressedData["
1:eJwNj7eNWEEUA/+a583aBq4lRYqvAfWfaQFGJDAY/vz++/Nbv+/7W77v5WMN
KobeegXhpta9VEoIQahaMgxJRm/stUMrHEg53ETn6gLVNLy0MZMYO7i0QnWs
4I0zTZVPWS3qTCDBPbq57DJr57Mck0IvNBsn95rVSlfygcECt21/fZ8FQS9T
tFUlZ8cF6dzKPuOSWGgdcht4r/vgmsFZTIkTtIzaj3ibe9nFeGCmhd1S7p4Q
tenZHXVeWfD+5GFqsYXBc+Gd1oeeeNJn7KlwM5yNllIMnPYc7pZ15BA/hGes
bSNknJU+9Y32H3XKEB8=
       "]}, CompressedData["
1:eJyFlrErxGEYx38XFpNVUu66kpLN6PeWwXzdpNtcqWNwowyEZMCk3GoQAwP5
B1DqFmW5klndwpVZV0h9lk89Mfh17+99v9/v8zzf53l/xXqzulzIsmzx99/a
1EBt+30pfd10ShuFoXR+unJUr1Xy0ceThcr9fsr+/j5Tq9tIvfnnfHPv+7W7
dZGmDw5nXsaP8+FWs3/beEsTV+vlsXYnlXZ75dW5j/S0c3d2WX1I15Mjg8X+
bAKP96zDCw487IMfXvTBhw7igBc8cHjPOufgQw+44KAb3kiX4+A9+3ka3+d4
jy50oo844LU+64QHPeBzDhzjO4/WE+mG1/mHj3084bde8F1fcInT/iQOcMGz
Pvuc866762sd8Dte1811d9zwg+++cR1dB9fL/Qaf8+c68Bsd7nv47BfnxXWw
L+xD58d9xjpxcw4e59962c/TeWO//WS9zo/rZR+DG/Wt4/ecADfyh/vFPoj8
yX7H5bkMHzjWg372uW9cT+ujnvYH5+0f9xM+Np7rbh3ot/+tz3UmD+BGc479
UR1Z9z1iveATj+cX8dpvvh8573ya1/Pe90ZUT/vSdXE+2Wf9zqfncvQ98N89
47nl7xfz+rvB8zKa5/ad82h+18t5831sXPe5feI8ss/+8Txw/JFP3Jf2g+P0
fPMc5zx6fc+7H34A7irbhA==
      "]}]]]]], "Output",
 CellChangeTimes->{
  3.571000216727171*^9, 3.5710002661321917`*^9, 3.5710007975606213`*^9, 
   3.571000888171941*^9, {3.571001375401866*^9, 3.5710014067564783`*^9}, {
   3.571004636089143*^9, 3.571004675135154*^9}}]
}, Open  ]],

Cell[BoxData["|"], "Input",
 CellChangeTimes->{3.571001375238658*^9}],

Cell["\<\
First, define the wavefunction seperation function, R\
\>", "Text",
 CellChangeTimes->{{3.571000955032982*^9, 3.5710009753213463`*^9}}],

Cell[BoxData[
 RowBox[{
  RowBox[{"R", "[", 
   RowBox[{"deltaK_", ",", "L_"}], "]"}], ":=", 
  RowBox[{
   RowBox[{"R", "[", "deltaK", "]"}], "=", 
   RowBox[{
    RowBox[{"Exp", "[", 
     FractionBox[
      RowBox[{
       RowBox[{"-", 
        SuperscriptBox[
         RowBox[{"(", 
          RowBox[{"2", "*", 
           FractionBox["\[Pi]", "L"]}], ")"}], "2"]}], 
       SuperscriptBox[
        RowBox[{"(", "deltaK", ")"}], "2"]}], "8."], "]"}], "//", 
    "N"}]}]}]], "Input",
 CellChangeTimes->{{3.571000978783464*^9, 3.571000995356388*^9}, {
   3.57100108162978*^9, 3.571001117827796*^9}, {3.571001225972803*^9, 
   3.571001269343255*^9}, {3.571001381201169*^9, 3.571001395328429*^9}, 
   3.571004628985114*^9, {3.571007252187564*^9, 3.5710072677402973`*^9}}],

Cell[BoxData[""], "Input",
 CellChangeTimes->{{3.571004666397975*^9, 3.571004700102571*^9}, {
  3.57100473234347*^9, 3.571004781941791*^9}}],

Cell[CellGroupData[{

Cell[BoxData[
 RowBox[{
  RowBox[{"yIndex", "[", 
   RowBox[{"i_", ",", "size_"}], "]"}], " ", "=", 
  RowBox[{"Mod", "[", 
   RowBox[{"i", ",", "size", ",", "1"}], "]"}]}]], "Input",
 CellChangeTimes->{{3.571004907370202*^9, 3.571004924473065*^9}, {
  3.5710054483336563`*^9, 3.5710054492613583`*^9}, {3.571005547198454*^9, 
  3.571005548798235*^9}, {3.571005578974455*^9, 3.571005581518189*^9}, {
  3.571005916080695*^9, 3.571005917216366*^9}, {3.571006207794964*^9, 
  3.571006207937745*^9}, {3.571006840166703*^9, 3.57100684024616*^9}, {
  3.571076210663637*^9, 3.571076210823251*^9}}],

Cell[BoxData[
 RowBox[{"Mod", "[", 
  RowBox[{"i", ",", "size", ",", "1"}], "]"}]], "Output",
 CellChangeTimes->{3.5710762115073767`*^9, 3.5721253050147667`*^9}]
}, Open  ]],

Cell[BoxData[""], "Input",
 CellChangeTimes->{{3.571076026372032*^9, 3.57107602933237*^9}}],

Cell[BoxData[
 RowBox[{"(*", 
  RowBox[{
   RowBox[{
    RowBox[{
    "y", " ", "index", " ", "will", " ", "take", " ", "a", " ", "number", " ",
      "from", " ", "1"}], "-", "n"}], ",", " ", 
   RowBox[{
    RowBox[{
     RowBox[{
      RowBox[{
      "and", " ", "convert", " ", "it", " ", "into", " ", "a", " ", "quantum",
        " ", "number", " ", "for", " ", 
       RowBox[{"ky", ".", " ", "This"}], " ", "will", " ", "be", " ", "an", 
       " ", "integer", " ", "starting", " ", "from"}], " ", "-", "p"}], 
     ".."}], 
    RowBox[{"p", "."}]}]}], "*)"}]], "Input",
 CellChangeTimes->{{3.57107603194378*^9, 3.571076091161105*^9}}],

Cell[BoxData[
 RowBox[{"yIndex", "[", 
  RowBox[{"2", ",", "4"}], "]"}]], "Input",
 CellChangeTimes->{{3.571005038934815*^9, 3.5710050672733603`*^9}, {
  3.571005382620392*^9, 3.571005387291419*^9}, {3.5710054932604113`*^9, 
  3.571005504204275*^9}, {3.571005555084961*^9, 3.571005607580825*^9}, {
  3.57100564708575*^9, 3.571005649037367*^9}, {3.571005791198532*^9, 
  3.571005816590447*^9}, {3.5710060719045067`*^9, 3.571006073328672*^9}, {
  3.571006203681294*^9, 3.5710062607534933`*^9}, {3.571076215942932*^9, 
  3.5710762331426697`*^9}}],

Cell[BoxData[
 RowBox[{
  RowBox[{"ky", "[", 
   RowBox[{"i_", ",", "size_"}], "]"}], "=", 
  RowBox[{
   RowBox[{"yIndex", "[", 
    RowBox[{"i", ",", "size"}], "]"}], "-", 
   FractionBox[
    RowBox[{"(", 
     RowBox[{"size", "-", "1"}], ")"}], "2"], "-", "1"}]}]], "Input",
 CellChangeTimes->{{3.5710763687580748`*^9, 3.5710763940246277`*^9}, {
  3.5710765462181892`*^9, 3.571076615531767*^9}}],

Cell[CellGroupData[{

Cell[BoxData[
 RowBox[{"(*", 
  RowBox[{
  "this", " ", "will", " ", "convert", " ", "our", " ", "index", " ", 
   "number", " ", "to", " ", "a", " ", "range", " ", "that", " ", "runs", " ",
    "over", " ", "negative", " ", "numbers", " ", "so", " ", "we", " ", "can",
    " ", "get", " ", "backwards", " ", "waves"}], "*)"}]], "Input",
 CellChangeTimes->{{3.5721268972365522`*^9, 3.572126923589943*^9}}],

Cell[BoxData[
 RowBox[{
  RowBox[{"-", "1"}], "+", 
  FractionBox[
   RowBox[{"1", "-", "size"}], "2"], "+", 
  RowBox[{"yIndex", "[", 
   RowBox[{"i", ",", "size"}], "]"}]}]], "Output",
 CellChangeTimes->{{3.571076567765826*^9, 3.571076584486862*^9}, 
   3.5710766227453213`*^9, 3.572125293400077*^9}]
}, Open  ]],

Cell[CellGroupData[{

Cell[BoxData[
 RowBox[{
  RowBox[{"kx", "[", 
   RowBox[{"i_", ",", "size_"}], "]"}], "=", 
  RowBox[{
   RowBox[{"xIndex", "[", 
    RowBox[{"i", ",", "size"}], "]"}], "-", 
   FractionBox[
    RowBox[{"(", 
     RowBox[{"size", "-", "1"}], ")"}], "2"], "-", "1"}]}]], "Input",
 CellChangeTimes->{{3.571076590427719*^9, 3.571076619339654*^9}}],

Cell[BoxData[
 RowBox[{
  RowBox[{"-", "1"}], "+", 
  FractionBox[
   RowBox[{"1", "-", "size"}], "2"], "+", 
  RowBox[{"xIndex", "[", 
   RowBox[{"i", ",", "size"}], "]"}]}]], "Output",
 CellChangeTimes->{{3.5710765950937767`*^9, 3.5710766201886*^9}, 
   3.5721252970286217`*^9}]
}, Open  ]],

Cell[CellGroupData[{

Cell[BoxData[
 RowBox[{"kx", "[", 
  RowBox[{"6", ",", "5"}], "]"}]], "Input",
 CellChangeTimes->{{3.571076600371318*^9, 3.571076677513527*^9}}],

Cell[BoxData[
 RowBox[{"-", "1"}]], "Output",
 CellChangeTimes->{{3.5710766086620207`*^9, 3.5710766778473263`*^9}}]
}, Open  ]],

Cell[CellGroupData[{

Cell[BoxData[
 RowBox[{
  RowBox[{"xIndex", "[", 
   RowBox[{"i_", ",", "size_"}], "]"}], "=", 
  RowBox[{
   FractionBox[
    RowBox[{"(", 
     RowBox[{"i", "-", 
      RowBox[{"Mod", "[", 
       RowBox[{"i", ",", "size", ",", "1"}], "]"}]}], ")"}], "size"], "+", 
   "1"}]}]], "Input",
 CellChangeTimes->{{3.571004930287951*^9, 3.5710049523452063`*^9}, {
  3.571005317372704*^9, 3.571005318764783*^9}, {3.5710057394878883`*^9, 
  3.571005751535363*^9}, {3.571005930832862*^9, 3.571005931200572*^9}, {
  3.5710060235052032`*^9, 3.5710060497785254`*^9}, {3.571006165012313*^9, 
  3.5710061653792467`*^9}, {3.571006835208407*^9, 3.571006835303487*^9}, {
  3.571076261305995*^9, 3.571076261433284*^9}}],

Cell[BoxData[
 RowBox[{"1", "+", 
  FractionBox[
   RowBox[{"i", "-", 
    RowBox[{"Mod", "[", 
     RowBox[{"i", ",", "size", ",", "1"}], "]"}]}], "size"]}]], "Output",
 CellChangeTimes->{3.571004952693384*^9, 3.5710053193684464`*^9, 
  3.571005466457485*^9, 3.5710057520114*^9, 3.571006050237624*^9, 
  3.5710061663504143`*^9, 3.571006836195053*^9, 3.571073692860424*^9, 
  3.571076262340887*^9, 3.57212529925669*^9}]
}, Open  ]],

Cell[BoxData[
 RowBox[{"xIndex", "[", 
  RowBox[{"5", ",", "4"}], "]"}]], "Input",
 CellChangeTimes->{{3.571005471726131*^9, 3.571005477403491*^9}, {
  3.571005801294598*^9, 3.571005823246544*^9}, {3.571006088960918*^9, 
  3.5710060906562557`*^9}, {3.571006232737555*^9, 3.571006264225492*^9}, {
  3.571076266375187*^9, 3.571076277526992*^9}}],

Cell[CellGroupData[{

Cell[BoxData[
 RowBox[{"Mod", "[", 
  RowBox[{"2", ",", "9"}], "]"}]], "Input",
 CellChangeTimes->{{3.571076451398696*^9, 3.571076478584025*^9}}],

Cell[BoxData["2"], "Output",
 CellChangeTimes->{{3.571076466724931*^9, 3.571076479030183*^9}}]
}, Open  ]],

Cell[BoxData[
 RowBox[{"M", " ", "=", " ", 
  RowBox[{"SparseArray", "[", 
   RowBox[{
    RowBox[{
     RowBox[{"{", 
      RowBox[{"i_", ",", "j_"}], "}"}], "\[Rule]", 
     RowBox[{
      RowBox[{"R", "[", 
       RowBox[{
        RowBox[{"xIndex", "[", 
         RowBox[{"j", ",", "4"}], "]"}], "-", 
        RowBox[{"xIndex", "[", 
         RowBox[{"i", ",", "4"}], "]"}]}], "]"}], "*", 
      RowBox[{"R", "[", 
       RowBox[{
        RowBox[{"yIndex", "[", 
         RowBox[{"j", ",", "4"}], "]"}], "-", 
        RowBox[{"yIndex", "[", 
         RowBox[{"i", ",", "4"}], "]"}]}], "]"}]}]}], ",", 
    RowBox[{"{", 
     RowBox[{"20", ",", "20"}], "}"}], ",", "0"}], "]"}]}]], "Input",
 CellChangeTimes->{{3.571006282213044*^9, 3.571006314118313*^9}, {
   3.571006356742539*^9, 3.5710063912698193`*^9}, {3.5710064252551203`*^9, 
   3.571006444531618*^9}, {3.571006483159959*^9, 3.571006484247992*^9}, 
   3.5710065720717993`*^9, {3.57100662237611*^9, 3.5710066337358103`*^9}, {
   3.571006672168956*^9, 3.571006672936376*^9}, {3.571006846457985*^9, 
   3.571006935037866*^9}, 3.571007324063731*^9, {3.571076283486301*^9, 
   3.571076291260688*^9}}],

Cell[CellGroupData[{

Cell[BoxData[""], "Input",
 CellChangeTimes->{{3.571076294133438*^9, 3.5710762996552753`*^9}},
 EmphasizeSyntaxErrors->True],

Cell[BoxData[
 RowBox[{
  StyleBox[
   RowBox[{"SparseArray", "::", "argb"}], "MessageName"], 
  RowBox[{
  ":", " "}], "\<\"\[NoBreak]\\!\\(SparseArray\\)\[NoBreak] called with \
\[NoBreak]\\!\\(0\\)\[NoBreak] arguments; between \[NoBreak]\\!\\(1\\)\
\[NoBreak] and \[NoBreak]\\!\\(4\\)\[NoBreak] arguments are expected. \
\\!\\(\\*ButtonBox[\\\"\[RightSkeleton]\\\", ButtonStyle->\\\"Link\\\", \
ButtonFrame->None, ButtonData:>\\\"paclet:ref/message/General/argb\\\", \
ButtonNote -> \\\"SparseArray::argb\\\"]\\)\"\>"}]], "Message", "MSG",
 CellChangeTimes->{3.5710762960882053`*^9}],

Cell[BoxData[
 TagBox[
  TagBox[
   RowBox[{"SparseArray", "[", "]"}],
   False,
   Editable->False],
  Function[BoxForm`e$, 
   MatrixForm[BoxForm`e$]]]], "Output",
 CellChangeTimes->{3.571076296089013*^9}]
}, Open  ]],

Cell[CellGroupData[{

Cell[BoxData[
 RowBox[{"M", "//", "MatrixForm"}]], "Input",
 CellChangeTimes->{{3.571007281494638*^9, 3.571007293687955*^9}}],

Cell[BoxData[
 TagBox[
  RowBox[{"(", "\[NoBreak]", GridBox[{
     {
      SuperscriptBox[
       RowBox[{"R", "[", "0", "]"}], "2"], 
      RowBox[{
       RowBox[{"R", "[", "0", "]"}], " ", 
       RowBox[{"R", "[", "1", "]"}]}], 
      RowBox[{
       RowBox[{"R", "[", "0", "]"}], " ", 
       RowBox[{"R", "[", "2", "]"}]}], 
      RowBox[{
       RowBox[{"R", "[", "0", "]"}], " ", 
       RowBox[{"R", "[", "3", "]"}]}], 
      RowBox[{
       RowBox[{"R", "[", "0", "]"}], " ", 
       RowBox[{"R", "[", "1", "]"}]}], 
      SuperscriptBox[
       RowBox[{"R", "[", "1", "]"}], "2"], 
      RowBox[{
       RowBox[{"R", "[", "1", "]"}], " ", 
       RowBox[{"R", "[", "2", "]"}]}], 
      RowBox[{
       RowBox[{"R", "[", "1", "]"}], " ", 
       RowBox[{"R", "[", "3", "]"}]}], 
      RowBox[{
       RowBox[{"R", "[", "0", "]"}], " ", 
       RowBox[{"R", "[", "2", "]"}]}], 
      RowBox[{
       RowBox[{"R", "[", "1", "]"}], " ", 
       RowBox[{"R", "[", "2", "]"}]}], 
      SuperscriptBox[
       RowBox[{"R", "[", "2", "]"}], "2"], 
      RowBox[{
       RowBox[{"R", "[", "2", "]"}], " ", 
       RowBox[{"R", "[", "3", "]"}]}], 
      RowBox[{
       RowBox[{"R", "[", "0", "]"}], " ", 
       RowBox[{"R", "[", "3", "]"}]}], 
      RowBox[{
       RowBox[{"R", "[", "1", "]"}], " ", 
       RowBox[{"R", "[", "3", "]"}]}], 
      RowBox[{
       RowBox[{"R", "[", "2", "]"}], " ", 
       RowBox[{"R", "[", "3", "]"}]}], 
      SuperscriptBox[
       RowBox[{"R", "[", "3", "]"}], "2"], 
      RowBox[{
       RowBox[{"R", "[", "0", "]"}], " ", 
       RowBox[{"R", "[", "4", "]"}]}], 
      RowBox[{
       RowBox[{"R", "[", "1", "]"}], " ", 
       RowBox[{"R", "[", "4", "]"}]}], 
      RowBox[{
       RowBox[{"R", "[", "2", "]"}], " ", 
       RowBox[{"R", "[", "4", "]"}]}], 
      RowBox[{
       RowBox[{"R", "[", "3", "]"}], " ", 
       RowBox[{"R", "[", "4", "]"}]}]},
     {
      RowBox[{
       RowBox[{"R", "[", 
        RowBox[{"-", "1"}], "]"}], " ", 
       RowBox[{"R", "[", "0", "]"}]}], 
      SuperscriptBox[
       RowBox[{"R", "[", "0", "]"}], "2"], 
      RowBox[{
       RowBox[{"R", "[", "0", "]"}], " ", 
       RowBox[{"R", "[", "1", "]"}]}], 
      RowBox[{
       RowBox[{"R", "[", "0", "]"}], " ", 
       RowBox[{"R", "[", "2", "]"}]}], 
      RowBox[{
       RowBox[{"R", "[", 
        RowBox[{"-", "1"}], "]"}], " ", 
       RowBox[{"R", "[", "1", "]"}]}], 
      RowBox[{
       RowBox[{"R", "[", "0", "]"}], " ", 
       RowBox[{"R", "[", "1", "]"}]}], 
      SuperscriptBox[
       RowBox[{"R", "[", "1", "]"}], "2"], 
      RowBox[{
       RowBox[{"R", "[", "1", "]"}], " ", 
       RowBox[{"R", "[", "2", "]"}]}], 
      RowBox[{
       RowBox[{"R", "[", 
        RowBox[{"-", "1"}], "]"}], " ", 
       RowBox[{"R", "[", "2", "]"}]}], 
      RowBox[{
       RowBox[{"R", "[", "0", "]"}], " ", 
       RowBox[{"R", "[", "2", "]"}]}], 
      RowBox[{
       RowBox[{"R", "[", "1", "]"}], " ", 
       RowBox[{"R", "[", "2", "]"}]}], 
      SuperscriptBox[
       RowBox[{"R", "[", "2", "]"}], "2"], 
      RowBox[{
       RowBox[{"R", "[", 
        RowBox[{"-", "1"}], "]"}], " ", 
       RowBox[{"R", "[", "3", "]"}]}], 
      RowBox[{
       RowBox[{"R", "[", "0", "]"}], " ", 
       RowBox[{"R", "[", "3", "]"}]}], 
      RowBox[{
       RowBox[{"R", "[", "1", "]"}], " ", 
       RowBox[{"R", "[", "3", "]"}]}], 
      RowBox[{
       RowBox[{"R", "[", "2", "]"}], " ", 
       RowBox[{"R", "[", "3", "]"}]}], 
      RowBox[{
       RowBox[{"R", "[", 
        RowBox[{"-", "1"}], "]"}], " ", 
       RowBox[{"R", "[", "4", "]"}]}], 
      RowBox[{
       RowBox[{"R", "[", "0", "]"}], " ", 
       RowBox[{"R", "[", "4", "]"}]}], 
      RowBox[{
       RowBox[{"R", "[", "1", "]"}], " ", 
       RowBox[{"R", "[", "4", "]"}]}], 
      RowBox[{
       RowBox[{"R", "[", "2", "]"}], " ", 
       RowBox[{"R", "[", "4", "]"}]}]},
     {
      RowBox[{
       RowBox[{"R", "[", 
        RowBox[{"-", "2"}], "]"}], " ", 
       RowBox[{"R", "[", "0", "]"}]}], 
      RowBox[{
       RowBox[{"R", "[", 
        RowBox[{"-", "1"}], "]"}], " ", 
       RowBox[{"R", "[", "0", "]"}]}], 
      SuperscriptBox[
       RowBox[{"R", "[", "0", "]"}], "2"], 
      RowBox[{
       RowBox[{"R", "[", "0", "]"}], " ", 
       RowBox[{"R", "[", "1", "]"}]}], 
      RowBox[{
       RowBox[{"R", "[", 
        RowBox[{"-", "2"}], "]"}], " ", 
       RowBox[{"R", "[", "1", "]"}]}], 
      RowBox[{
       RowBox[{"R", "[", 
        RowBox[{"-", "1"}], "]"}], " ", 
       RowBox[{"R", "[", "1", "]"}]}], 
      RowBox[{
       RowBox[{"R", "[", "0", "]"}], " ", 
       RowBox[{"R", "[", "1", "]"}]}], 
      SuperscriptBox[
       RowBox[{"R", "[", "1", "]"}], "2"], 
      RowBox[{
       RowBox[{"R", "[", 
        RowBox[{"-", "2"}], "]"}], " ", 
       RowBox[{"R", "[", "2", "]"}]}], 
      RowBox[{
       RowBox[{"R", "[", 
        RowBox[{"-", "1"}], "]"}], " ", 
       RowBox[{"R", "[", "2", "]"}]}], 
      RowBox[{
       RowBox[{"R", "[", "0", "]"}], " ", 
       RowBox[{"R", "[", "2", "]"}]}], 
      RowBox[{
       RowBox[{"R", "[", "1", "]"}], " ", 
       RowBox[{"R", "[", "2", "]"}]}], 
      RowBox[{
       RowBox[{"R", "[", 
        RowBox[{"-", "2"}], "]"}], " ", 
       RowBox[{"R", "[", "3", "]"}]}], 
      RowBox[{
       RowBox[{"R", "[", 
        RowBox[{"-", "1"}], "]"}], " ", 
       RowBox[{"R", "[", "3", "]"}]}], 
      RowBox[{
       RowBox[{"R", "[", "0", "]"}], " ", 
       RowBox[{"R", "[", "3", "]"}]}], 
      RowBox[{
       RowBox[{"R", "[", "1", "]"}], " ", 
       RowBox[{"R", "[", "3", "]"}]}], 
      RowBox[{
       RowBox[{"R", "[", 
        RowBox[{"-", "2"}], "]"}], " ", 
       RowBox[{"R", "[", "4", "]"}]}], 
      RowBox[{
       RowBox[{"R", "[", 
        RowBox[{"-", "1"}], "]"}], " ", 
       RowBox[{"R", "[", "4", "]"}]}], 
      RowBox[{
       RowBox[{"R", "[", "0", "]"}], " ", 
       RowBox[{"R", "[", "4", "]"}]}], 
      RowBox[{
       RowBox[{"R", "[", "1", "]"}], " ", 
       RowBox[{"R", "[", "4", "]"}]}]},
     {
      RowBox[{
       RowBox[{"R", "[", 
        RowBox[{"-", "3"}], "]"}], " ", 
       RowBox[{"R", "[", "0", "]"}]}], 
      RowBox[{
       RowBox[{"R", "[", 
        RowBox[{"-", "2"}], "]"}], " ", 
       RowBox[{"R", "[", "0", "]"}]}], 
      RowBox[{
       RowBox[{"R", "[", 
        RowBox[{"-", "1"}], "]"}], " ", 
       RowBox[{"R", "[", "0", "]"}]}], 
      SuperscriptBox[
       RowBox[{"R", "[", "0", "]"}], "2"], 
      RowBox[{
       RowBox[{"R", "[", 
        RowBox[{"-", "3"}], "]"}], " ", 
       RowBox[{"R", "[", "1", "]"}]}], 
      RowBox[{
       RowBox[{"R", "[", 
        RowBox[{"-", "2"}], "]"}], " ", 
       RowBox[{"R", "[", "1", "]"}]}], 
      RowBox[{
       RowBox[{"R", "[", 
        RowBox[{"-", "1"}], "]"}], " ", 
       RowBox[{"R", "[", "1", "]"}]}], 
      RowBox[{
       RowBox[{"R", "[", "0", "]"}], " ", 
       RowBox[{"R", "[", "1", "]"}]}], 
      RowBox[{
       RowBox[{"R", "[", 
        RowBox[{"-", "3"}], "]"}], " ", 
       RowBox[{"R", "[", "2", "]"}]}], 
      RowBox[{
       RowBox[{"R", "[", 
        RowBox[{"-", "2"}], "]"}], " ", 
       RowBox[{"R", "[", "2", "]"}]}], 
      RowBox[{
       RowBox[{"R", "[", 
        RowBox[{"-", "1"}], "]"}], " ", 
       RowBox[{"R", "[", "2", "]"}]}], 
      RowBox[{
       RowBox[{"R", "[", "0", "]"}], " ", 
       RowBox[{"R", "[", "2", "]"}]}], 
      RowBox[{
       RowBox[{"R", "[", 
        RowBox[{"-", "3"}], "]"}], " ", 
       RowBox[{"R", "[", "3", "]"}]}], 
      RowBox[{
       RowBox[{"R", "[", 
        RowBox[{"-", "2"}], "]"}], " ", 
       RowBox[{"R", "[", "3", "]"}]}], 
      RowBox[{
       RowBox[{"R", "[", 
        RowBox[{"-", "1"}], "]"}], " ", 
       RowBox[{"R", "[", "3", "]"}]}], 
      RowBox[{
       RowBox[{"R", "[", "0", "]"}], " ", 
       RowBox[{"R", "[", "3", "]"}]}], 
      RowBox[{
       RowBox[{"R", "[", 
        RowBox[{"-", "3"}], "]"}], " ", 
       RowBox[{"R", "[", "4", "]"}]}], 
      RowBox[{
       RowBox[{"R", "[", 
        RowBox[{"-", "2"}], "]"}], " ", 
       RowBox[{"R", "[", "4", "]"}]}], 
      RowBox[{
       RowBox[{"R", "[", 
        RowBox[{"-", "1"}], "]"}], " ", 
       RowBox[{"R", "[", "4", "]"}]}], 
      RowBox[{
       RowBox[{"R", "[", "0", "]"}], " ", 
       RowBox[{"R", "[", "4", "]"}]}]},
     {
      RowBox[{
       RowBox[{"R", "[", 
        RowBox[{"-", "1"}], "]"}], " ", 
       RowBox[{"R", "[", "0", "]"}]}], 
      RowBox[{
       RowBox[{"R", "[", 
        RowBox[{"-", "1"}], "]"}], " ", 
       RowBox[{"R", "[", "1", "]"}]}], 
      RowBox[{
       RowBox[{"R", "[", 
        RowBox[{"-", "1"}], "]"}], " ", 
       RowBox[{"R", "[", "2", "]"}]}], 
      RowBox[{
       RowBox[{"R", "[", 
        RowBox[{"-", "1"}], "]"}], " ", 
       RowBox[{"R", "[", "3", "]"}]}], 
      SuperscriptBox[
       RowBox[{"R", "[", "0", "]"}], "2"], 
      RowBox[{
       RowBox[{"R", "[", "0", "]"}], " ", 
       RowBox[{"R", "[", "1", "]"}]}], 
      RowBox[{
       RowBox[{"R", "[", "0", "]"}], " ", 
       RowBox[{"R", "[", "2", "]"}]}], 
      RowBox[{
       RowBox[{"R", "[", "0", "]"}], " ", 
       RowBox[{"R", "[", "3", "]"}]}], 
      RowBox[{
       RowBox[{"R", "[", "0", "]"}], " ", 
       RowBox[{"R", "[", "1", "]"}]}], 
      SuperscriptBox[
       RowBox[{"R", "[", "1", "]"}], "2"], 
      RowBox[{
       RowBox[{"R", "[", "1", "]"}], " ", 
       RowBox[{"R", "[", "2", "]"}]}], 
      RowBox[{
       RowBox[{"R", "[", "1", "]"}], " ", 
       RowBox[{"R", "[", "3", "]"}]}], 
      RowBox[{
       RowBox[{"R", "[", "0", "]"}], " ", 
       RowBox[{"R", "[", "2", "]"}]}], 
      RowBox[{
       RowBox[{"R", "[", "1", "]"}], " ", 
       RowBox[{"R", "[", "2", "]"}]}], 
      SuperscriptBox[
       RowBox[{"R", "[", "2", "]"}], "2"], 
      RowBox[{
       RowBox[{"R", "[", "2", "]"}], " ", 
       RowBox[{"R", "[", "3", "]"}]}], 
      RowBox[{
       RowBox[{"R", "[", "0", "]"}], " ", 
       RowBox[{"R", "[", "3", "]"}]}], 
      RowBox[{
       RowBox[{"R", "[", "1", "]"}], " ", 
       RowBox[{"R", "[", "3", "]"}]}], 
      RowBox[{
       RowBox[{"R", "[", "2", "]"}], " ", 
       RowBox[{"R", "[", "3", "]"}]}], 
      SuperscriptBox[
       RowBox[{"R", "[", "3", "]"}], "2"]},
     {
      SuperscriptBox[
       RowBox[{"R", "[", 
        RowBox[{"-", "1"}], "]"}], "2"], 
      RowBox[{
       RowBox[{"R", "[", 
        RowBox[{"-", "1"}], "]"}], " ", 
       RowBox[{"R", "[", "0", "]"}]}], 
      RowBox[{
       RowBox[{"R", "[", 
        RowBox[{"-", "1"}], "]"}], " ", 
       RowBox[{"R", "[", "1", "]"}]}], 
      RowBox[{
       RowBox[{"R", "[", 
        RowBox[{"-", "1"}], "]"}], " ", 
       RowBox[{"R", "[", "2", "]"}]}], 
      RowBox[{
       RowBox[{"R", "[", 
        RowBox[{"-", "1"}], "]"}], " ", 
       RowBox[{"R", "[", "0", "]"}]}], 
      SuperscriptBox[
       RowBox[{"R", "[", "0", "]"}], "2"], 
      RowBox[{
       RowBox[{"R", "[", "0", "]"}], " ", 
       RowBox[{"R", "[", "1", "]"}]}], 
      RowBox[{
       RowBox[{"R", "[", "0", "]"}], " ", 
       RowBox[{"R", "[", "2", "]"}]}], 
      RowBox[{
       RowBox[{"R", "[", 
        RowBox[{"-", "1"}], "]"}], " ", 
       RowBox[{"R", "[", "1", "]"}]}], 
      RowBox[{
       RowBox[{"R", "[", "0", "]"}], " ", 
       RowBox[{"R", "[", "1", "]"}]}], 
      SuperscriptBox[
       RowBox[{"R", "[", "1", "]"}], "2"], 
      RowBox[{
       RowBox[{"R", "[", "1", "]"}], " ", 
       RowBox[{"R", "[", "2", "]"}]}], 
      RowBox[{
       RowBox[{"R", "[", 
        RowBox[{"-", "1"}], "]"}], " ", 
       RowBox[{"R", "[", "2", "]"}]}], 
      RowBox[{
       RowBox[{"R", "[", "0", "]"}], " ", 
       RowBox[{"R", "[", "2", "]"}]}], 
      RowBox[{
       RowBox[{"R", "[", "1", "]"}], " ", 
       RowBox[{"R", "[", "2", "]"}]}], 
      SuperscriptBox[
       RowBox[{"R", "[", "2", "]"}], "2"], 
      RowBox[{
       RowBox[{"R", "[", 
        RowBox[{"-", "1"}], "]"}], " ", 
       RowBox[{"R", "[", "3", "]"}]}], 
      RowBox[{
       RowBox[{"R", "[", "0", "]"}], " ", 
       RowBox[{"R", "[", "3", "]"}]}], 
      RowBox[{
       RowBox[{"R", "[", "1", "]"}], " ", 
       RowBox[{"R", "[", "3", "]"}]}], 
      RowBox[{
       RowBox[{"R", "[", "2", "]"}], " ", 
       RowBox[{"R", "[", "3", "]"}]}]},
     {
      RowBox[{
       RowBox[{"R", "[", 
        RowBox[{"-", "2"}], "]"}], " ", 
       RowBox[{"R", "[", 
        RowBox[{"-", "1"}], "]"}]}], 
      SuperscriptBox[
       RowBox[{"R", "[", 
        RowBox[{"-", "1"}], "]"}], "2"], 
      RowBox[{
       RowBox[{"R", "[", 
        RowBox[{"-", "1"}], "]"}], " ", 
       RowBox[{"R", "[", "0", "]"}]}], 
      RowBox[{
       RowBox[{"R", "[", 
        RowBox[{"-", "1"}], "]"}], " ", 
       RowBox[{"R", "[", "1", "]"}]}], 
      RowBox[{
       RowBox[{"R", "[", 
        RowBox[{"-", "2"}], "]"}], " ", 
       RowBox[{"R", "[", "0", "]"}]}], 
      RowBox[{
       RowBox[{"R", "[", 
        RowBox[{"-", "1"}], "]"}], " ", 
       RowBox[{"R", "[", "0", "]"}]}], 
      SuperscriptBox[
       RowBox[{"R", "[", "0", "]"}], "2"], 
      RowBox[{
       RowBox[{"R", "[", "0", "]"}], " ", 
       RowBox[{"R", "[", "1", "]"}]}], 
      RowBox[{
       RowBox[{"R", "[", 
        RowBox[{"-", "2"}], "]"}], " ", 
       RowBox[{"R", "[", "1", "]"}]}], 
      RowBox[{
       RowBox[{"R", "[", 
        RowBox[{"-", "1"}], "]"}], " ", 
       RowBox[{"R", "[", "1", "]"}]}], 
      RowBox[{
       RowBox[{"R", "[", "0", "]"}], " ", 
       RowBox[{"R", "[", "1", "]"}]}], 
      SuperscriptBox[
       RowBox[{"R", "[", "1", "]"}], "2"], 
      RowBox[{
       RowBox[{"R", "[", 
        RowBox[{"-", "2"}], "]"}], " ", 
       RowBox[{"R", "[", "2", "]"}]}], 
      RowBox[{
       RowBox[{"R", "[", 
        RowBox[{"-", "1"}], "]"}], " ", 
       RowBox[{"R", "[", "2", "]"}]}], 
      RowBox[{
       RowBox[{"R", "[", "0", "]"}], " ", 
       RowBox[{"R", "[", "2", "]"}]}], 
      RowBox[{
       RowBox[{"R", "[", "1", "]"}], " ", 
       RowBox[{"R", "[", "2", "]"}]}], 
      RowBox[{
       RowBox[{"R", "[", 
        RowBox[{"-", "2"}], "]"}], " ", 
       RowBox[{"R", "[", "3", "]"}]}], 
      RowBox[{
       RowBox[{"R", "[", 
        RowBox[{"-", "1"}], "]"}], " ", 
       RowBox[{"R", "[", "3", "]"}]}], 
      RowBox[{
       RowBox[{"R", "[", "0", "]"}], " ", 
       RowBox[{"R", "[", "3", "]"}]}], 
      RowBox[{
       RowBox[{"R", "[", "1", "]"}], " ", 
       RowBox[{"R", "[", "3", "]"}]}]},
     {
      RowBox[{
       RowBox[{"R", "[", 
        RowBox[{"-", "3"}], "]"}], " ", 
       RowBox[{"R", "[", 
        RowBox[{"-", "1"}], "]"}]}], 
      RowBox[{
       RowBox[{"R", "[", 
        RowBox[{"-", "2"}], "]"}], " ", 
       RowBox[{"R", "[", 
        RowBox[{"-", "1"}], "]"}]}], 
      SuperscriptBox[
       RowBox[{"R", "[", 
        RowBox[{"-", "1"}], "]"}], "2"], 
      RowBox[{
       RowBox[{"R", "[", 
        RowBox[{"-", "1"}], "]"}], " ", 
       RowBox[{"R", "[", "0", "]"}]}], 
      RowBox[{
       RowBox[{"R", "[", 
        RowBox[{"-", "3"}], "]"}], " ", 
       RowBox[{"R", "[", "0", "]"}]}], 
      RowBox[{
       RowBox[{"R", "[", 
        RowBox[{"-", "2"}], "]"}], " ", 
       RowBox[{"R", "[", "0", "]"}]}], 
      RowBox[{
       RowBox[{"R", "[", 
        RowBox[{"-", "1"}], "]"}], " ", 
       RowBox[{"R", "[", "0", "]"}]}], 
      SuperscriptBox[
       RowBox[{"R", "[", "0", "]"}], "2"], 
      RowBox[{
       RowBox[{"R", "[", 
        RowBox[{"-", "3"}], "]"}], " ", 
       RowBox[{"R", "[", "1", "]"}]}], 
      RowBox[{
       RowBox[{"R", "[", 
        RowBox[{"-", "2"}], "]"}], " ", 
       RowBox[{"R", "[", "1", "]"}]}], 
      RowBox[{
       RowBox[{"R", "[", 
        RowBox[{"-", "1"}], "]"}], " ", 
       RowBox[{"R", "[", "1", "]"}]}], 
      RowBox[{
       RowBox[{"R", "[", "0", "]"}], " ", 
       RowBox[{"R", "[", "1", "]"}]}], 
      RowBox[{
       RowBox[{"R", "[", 
        RowBox[{"-", "3"}], "]"}], " ", 
       RowBox[{"R", "[", "2", "]"}]}], 
      RowBox[{
       RowBox[{"R", "[", 
        RowBox[{"-", "2"}], "]"}], " ", 
       RowBox[{"R", "[", "2", "]"}]}], 
      RowBox[{
       RowBox[{"R", "[", 
        RowBox[{"-", "1"}], "]"}], " ", 
       RowBox[{"R", "[", "2", "]"}]}], 
      RowBox[{
       RowBox[{"R", "[", "0", "]"}], " ", 
       RowBox[{"R", "[", "2", "]"}]}], 
      RowBox[{
       RowBox[{"R", "[", 
        RowBox[{"-", "3"}], "]"}], " ", 
       RowBox[{"R", "[", "3", "]"}]}], 
      RowBox[{
       RowBox[{"R", "[", 
        RowBox[{"-", "2"}], "]"}], " ", 
       RowBox[{"R", "[", "3", "]"}]}], 
      RowBox[{
       RowBox[{"R", "[", 
        RowBox[{"-", "1"}], "]"}], " ", 
       RowBox[{"R", "[", "3", "]"}]}], 
      RowBox[{
